"rs2280714"	"rs689470"	"rs568617"	"rs656980"	"rs752637"	"rs879255"	"rs3757385"	"rs583887"	"rs687672"	"rs3104405"	"rs570387"	"rs12239846"	"rs6937545"	"rs7763262"	"rs2239803"	"rs3104405"	"rs7754768"	"rs9268832"	"rs957680"	"rs2231258"	"rs6923504"	"rs6903608"	"rs2858305"	"rs984778"	"rs3135338"	"rs3135395"	"rs2213568"	"rs9276427"	"rs8050506"	"NKG7"	"RBC"
"B0002"	1	1	0	0	0	1	0	0	0	2	0	2	0	0	0	2	2	0	2	1	1	1	1	1	1	1	1	1	0	0.49469376	4.46
"B0003"	1	2	1	1	1	1	0	1	1	0	1	0	1	1	1	0	1	1	2	0	0	0	0	0	0	0	1	1	2	0.21901512	4.15
"B0005"	1	2	1	1	1	2	1	1	1	0	1	1	0	0	0	0	2	0	1	1	1	1	1	1	1	1	2	2	0	-0.34055996	3.85
"B0006"	1	2	1	1	0	1	0	1	1	0	1	1	2	2	2	0	0	2	1	2	0	0	0	0	0	0	0	0	0	-1.2881031	4.84
"B0007"	0	2	1	1	1	1	1	1	1	2	1	1	1	1	0	2	1	1	1	1	2	2	2	1	1	1	1	1	0	0.6358166	2.74
"B0008"	1	2	2	2	1	1	1	2	2	0	2	2	0	0	1	0	1	1	1	0	1	1	0	1	1	1	0	0	1	-0.039949417	4.07
"B0009"	1	0	2	2	1	1	1	2	2	2	0	1	2	2	1	2	0	2	0	0	1	1	2	1	1	1	2	2	1	0.24398232	2.99
"B0010"	1	1	1	1	1	1	1	1	1	0	1	0	2	2	2	0	0	2	1	2	0	0	1	0	0	0	1	1	1	0.5798979	2.97
"B0011"	1	2	2	2	1	1	1	2	2	2	2	1	0	0	2	2	0	0	1	0	2	2	2	2	2	2	1	1	1	0.17703629	5.05
"B0012"	1	1	1	1	1	2	1	1	1	1	1	2	1	1	1	1	1	1	1	2	1	1	1	0	0	0	0	0	1	0.659626	2.66
"B0013"	0	1	1	1	2	2	1	1	1	1	1	1	0	0	0	1	2	0	1	2	1	1	1	1	1	1	0	0	2	0.3825941	3.42
"B0014"	2	0	0	0	0	0	0	0	0	1	0	1	1	1	1	1	0	2	1	0	1	1	1	2	2	2	1	1	0	-0.79503155	4.82
"B0015"	0	1	1	1	0	1	0	1	1	0	1	0	0	0	1	0	1	1	1	0	0	0	0	1	1	1	0	0	0	-0.5195255	4
"B0016"	1	1	0	0	1	0	1	0	0	1	0	0	0	0	0	1	2	0	1	1	1	1	0	1	1	1	0	0	1	-0.2901621	3.06
"B0017"	1	0	2	2	1	2	1	2	2	1	2	1	1	1	0	1	1	1	1	1	1	1	1	1	1	1	1	1	0	0.035019875	5.13
"B0018"	0	1	1	1	2	1	2	1	1	0	1	2	0	0	0	0	2	0	1	1	0	0	0	0	0	0	0	0	1	0.74297047	3.8
"B0019"	1	0	1	1	1	1	1	1	1	1	1	1	1	1	2	1	0	1	2	0	1	1	2	1	1	1	1	1	1	-0.8863039	2.37
"B0020"	1	1	1	1	1	1	0	1	1	0	1	0	1	1	1	0	1	1	1	1	0	0	0	1	1	1	1	1	0	-0.5533037	4
"B0021"	1	1	1	1	1	1	1	1	1	0	1	1	0	0	1	0	1	1	0	0	1	1	0	1	1	1	0	0	0	0.16619301	4.26
"B0022"	1	0	0	0	1	1	0	0	0	2	1	2	1	1	0	2	1	1	1	1	2	2	2	1	1	1	1	1	1	0.6158018	3.51
"B0023"	1	2	1	1	1	0	1	1	1	0	1	1	0	0	1	0	1	0	0	1	1	1	0	1	1	1	0	0	2	0.23304462	3.56
"B0024"	2	0	1	1	0	1	0	1	1	1	0	0	1	1	1	1	1	1	0	1	1	1	2	0	0	0	1	1	1	0	4.11
"B0025"	2	1	0	0	0	0	0	0	0	1	0	2	1	1	0	1	1	1	2	1	1	1	1	1	1	1	1	1	2	-0.89013386	3.87
"B0026"	2	1	1	1	1	1	1	1	1	0	1	1	2	2	2	0	0	2	0	2	0	0	1	0	0	0	0	0	1	-0.44642735	3.14
"B0027"	2	0	1	1	0	0	0	1	1	0	1	0	0	0	1	0	1	1	0	1	1	1	0	1	1	1	0	0	1	0.13140965	5.02
"B0028"	0	2	2	2	2	0	2	2	2	1	1	1	0	0	0	1	2	0	0	2	0	0	0	1	1	1	1	1	2	-0.6043072	4.24
"B0029"	0	1	0	0	2	1	2	0	0	1	0	2	0	0	2	1	0	2	1	0	0	0	1	2	2	2	1	1	0	0.70044136	3.06
"B0030"	0	2	2	2	2	1	2	2	2	1	2	2	1	1	0	1	1	1	1	1	2	2	1	1	1	1	1	1	1	0.24398232	3.12
"B0031"	0	1	1	1	2	0	2	1	1	0	0	1	1	1	1	0	1	1	0	2	0	0	0	0	0	0	0	0	0	-0.37680435	1.96
"B0032"	2	1	0	0	0	0	0	0	0	1	0	1	1	1	0	1	1	1	1	1	1	1	1	1	1	1	1	1	1	-0.055440903	1.91
"B0033"	1	2	1	1	1	1	1	1	1	2	1	0	1	1	0	2	1	1	1	1	2	2	2	1	1	1	1	1	0	0.014808655	3.35
"B0034"	1	0	2	2	1	0	1	2	2	1	1	1	0	0	1	1	1	1	0	0	1	1	1	1	1	1	0	0	2	0.42483234	2.79
"B0035"	1	1	1	1	1	1	1	1	1	0	1	1	1	1	2	0	0	2	0	1	0	0	0	1	1	1	0	0	0	-0.5130625	3.49
"B0036"	2	1	2	2	0	1	0	2	2	1	1	0	1	1	1	1	1	1	0	0	1	1	1	1	1	1	1	1	2	-0.9307289	4.23
"B0038"	0	1	1	1	2	1	2	1	1	0	1	1	0	0	1	0	1	1	2	0	1	1	0	1	1	1	0	0	0	-0.2409687	4.75
"B0040"	0	1	0	0	1	2	1	0	0	2	0	1	2	2	0	2	0	2	1	0	2	2	2	2	2	2	2	2	1	0.5999203	4.29
"B0041"	0	2	1	1	0	2	0	1	1	0	1	0	1	1	1	0	1	1	1	1	1	1	0	0	0	0	1	1	0	-0.2541132	2.74
"B0043"	1	1	1	1	1	0	1	1	1	1	1	2	0	0	0	1	2	0	1	0	0	0	0	1	1	1	0	0	0	1.4375906	3.12
"B0044"	1	0	2	2	1	0	1	2	2	2	1	0	1	1	0	2	1	1	0	0	2	2	2	1	1	1	1	1	0	0.26937866	4.47
"B0045"	0	2	1	1	2	1	2	1	1	0	1	1	0	0	1	0	1	1	0	0	1	1	0	1	1	1	1	1	1	0.13522339	4.03
"B0046"	0	1	0	0	1	1	1	0	0	1	0	1	0	0	2	1	0	1	0	1	1	1	1	2	2	2	1	1	1	-0.42717457	3.96
"B0047"	0	0	1	1	1	0	1	1	1	0	0	1	1	1	1	0	1	1	1	2	1	1	1	0	0	0	2	2	0	1.062954	3.4
"B0048"	2	0	1	1	1	0	1	1	1	1	1	1	1	1	0	1	1	1	1	0	1	1	1	1	1	1	1	1	1	0.09472275	4.5
"B0049"	0	2	1	1	2	2	1	1	1	0	0	0	2	2	2	0	0	2	1	1	0	0	0	0	0	0	0	0	0	0.5322628	4.32
"B0051"	2	0	2	2	0	1	0	2	2	1	1	2	1	1	1	1	1	1	0	0	2	2	0	1	1	1	0	0	0	0.10093403	4.27
"B0052"	1	1	1	1	1	1	1	1	1	2	1	0	2	2	0	2	0	2	1	0	2	2	2	2	2	2	2	2	0	0.24398232	4.94
"B0053"	1	1	0	0	1	1	1	0	0	1	0	0	2	2	1	1	0	2	0	1	1	1	2	1	1	1	2	2	2	-0.009202957	3.57
"B0054"	1	1	0	0	1	0	1	0	0	1	0	1	0	0	1	1	2	0	1	0	1	1	0	0	0	0	0	0	0	0.46906567	5.02
"B0055"	0	1	0	0	1	1	1	0	0	1	0	2	1	1	1	1	1	1	1	1	1	1	1	0	0	0	1	1	0	0.20205212	5.34
"C0001"	1	1	1	1	0	1	0	2	2	0	2	1	0	0	0	0	2	0	0	0	0	0	0	1	1	1	1	1	0	0.7303877	1.73
"C0002"	0	2	0	0	2	2	2	0	0	0	0	0	0	0	0	0	2	0	1	0	0	0	0	2	2	2	2	2	2	0.3324299	0.05
"C0003"	1	1	1	1	1	0	1	1	1	2	1	1	0	0	1	2	2	0	2	1	1	1	1	0	0	0	0	0	0	-0.92340565	1.58
"C0004"	1	0	0	0	1	0	1	0	0	2	0	1	1	1	1	2	1	1	2	1	2	2	1	1	1	1	0	0	0	-1.0514936	2.33
"C0005"	0	1	2	2	2	1	2	2	2	0	1	2	0	0	0	0	2	0	2	2	1	1	0	0	0	0	0	0	0	-0.24608803	4.2
"C0006"	0	0	1	1	2	1	2	1	1	2	1	1	1	1	0	2	1	1	1	0	1	1	1	2	2	2	1	1	0	1.0251417	2.49
"C0007"	1	1	1	1	1	1	1	1	1	2	1	1	0	0	0	2	2	0	1	1	1	1	1	1	1	1	1	1	0	0.20205212	1.79
"C0008"	1	0	1	1	1	0	1	1	1	0	2	0	1	1	2	0	0	2	1	1	0	0	0	1	1	1	1	1	1	1.1917706	4.11
"C0009"	0	1	0	0	2	0	2	0	0	1	0	2	0	0	1	1	2	0	1	1	1	1	0	0	0	0	1	1	2	0.28618717	4
"C0010"	1	1	1	1	1	1	1	1	1	2	1	1	1	1	0	2	1	1	1	0	1	1	1	2	2	2	2	2	1	0.23670292	4.1
"C0011"	1	1	1	1	1	2	1	1	1	0	1	0	0	0	1	0	1	1	0	2	0	0	0	1	1	1	0	0	0	-0.34556675	4.4
"C0012"	0	0	2	2	1	0	1	2	2	1	1	1	0	0	1	1	1	0	1	1	0	0	0	2	2	2	0	0	0	0.117575645	2.8
"C0013"	2	1	2	2	0	2	0	2	2	1	2	0	1	1	1	1	1	1	1	1	1	1	2	0	0	0	1	1	1	0.31355	1.9
"C0014"	1	0	1	1	1	1	1	1	1	0	1	2	0	0	1	0	1	1	0	1	0	0	0	1	1	1	0	0	1	0.23304462	5.02
"C0016"	1	1	2	2	1	1	1	2	2	0	2	1	0	0	0	0	2	0	1	1	1	1	0	0	0	0	0	0	1	-1.415431	3.01
"C0017"	0	2	2	2	1	0	1	2	2	0	2	1	0	0	0	0	2	0	1	0	1	1	0	1	1	1	0	0	0	0.5322628	0.62
"C0018"	1	1	1	1	1	0	1	1	1	1	1	1	0	0	0	1	2	0	1	0	1	1	0	1	1	1	2	2	1	0.55257225	4.8
"C0019"	1	2	2	2	1	0	1	2	2	0	2	1	0	0	0	0	2	0	2	0	1	1	0	0	0	0	0	0	1	1.0324087	2.7
"C0039"	0	1	0	0	2	1	2	0	0	1	0	1	1	1	1	1	1	1	1	2	1	1	1	0	0	0	0	0	0	0.76839924	3.3
"C0020"	0	2	0	0	2	1	2	0	0	1	1	1	1	1	1	1	0	2	1	1	1	1	1	2	2	2	1	1	1	-0.4729824	1
"C0021"	0	1	0	0	2	0	2	0	0	0	1	1	1	1	1	0	1	1	1	1	1	1	0	1	1	1	0	0	0	-0.04911709	2.7
"C0022"	1	1	2	2	1	1	1	2	2	1	2	1	1	1	1	1	1	1	0	1	0	0	0	1	1	1	1	1	1	0.14224052	5.02
"C0023"	1	1	0	0	0	0	0	0	0	1	0	0	2	2	1	1	0	2	1	1	1	1	2	1	1	1	2	2	1	-1.3486547	2
"C0024"	1	0	1	1	1	0	1	1	1	1	1	1	1	1	0	1	1	1	2	1	1	1	1	1	1	1	1	1	1	0.49086285	3.4
"C0025"	1	1	0	0	1	1	1	0	0	1	0	1	0	0	0	1	2	0	2	2	2	2	1	0	0	0	0	0	0	0.9099598	1
"C0026"	1	0	1	1	1	1	1	1	1	0	0	0	1	1	1	0	1	1	1	1	0	0	0	0	0	0	0	0	0	-0.119748116	3
"C0027"	1	2	1	1	1	1	1	1	1	1	1	0	0	0	0	1	2	0	0	0	1	1	2	1	1	1	1	1	0	0.12752151	1
"C0028"	1	1	1	1	1	0	1	1	1	1	1	2	0	0	1	1	1	0	1	1	1	1	1	1	1	1	0	0	0	0.26937866	5
"C0029"	1	1	2	2	1	1	1	2	2	0	2	0	0	0	0	0	2	0	1	2	0	0	1	0	0	0	1	1	1	-0.4924507	1
"C0030"	1	0	1	1	1	0	1	1	1	0	0	1	2	2	2	0	0	2	1	2	0	0	0	0	0	0	0	0	1	0.9277544	5
"C0031"	2	2	1	1	0	1	0	1	1	2	1	1	1	1	0	2	1	1	0	1	1	1	0	2	2	2	2	2	1	0.42483234	2
"C0032"	0	2	1	1	2	2	2	1	1	1	1	0	0	0	1	1	1	1	1	1	0	0	1	2	2	2	0	0	1	-0.749774	4
"C0033"	2	1	1	1	0	0	0	1	1	0	1	0	0	0	1	0	1	1	2	2	0	0	0	1	1	1	0	0	0	0.55257225	1
"C0034"	2	1	1	1	0	0	0	1	1	1	1	1	1	1	2	1	1	1	1	1	0	0	0	0	0	0	0	0	1	0.8251009	1.17
"C0035"	0	0	1	1	2	2	2	1	1	1	1	2	1	1	1	1	1	1	1	1	0	0	1	1	1	1	1	1	1	1.124239	3.4
"C0036"	2	1	1	1	0	0	0	1	1	1	0	2	0	0	2	1	1	0	0	1	1	1	0	1	1	1	0	0	1	0.42483234	1
"C0037"	1	0	0	0	1	0	1	0	0	0	0	0	2	2	2	0	0	2	0	1	0	0	1	0	0	0	1	1	0	-1.2111979	1
"C0038"	1	1	1	1	1	0	1	1	1	0	1	0	1	1	1	0	1	1	0	1	0	0	0	1	1	1	0	0	2	-1.0722914	1
